sample_id,TTAGGG,ATAGGG,CTAGGG,GTAGGG,TAAGGG,TCAGGG,TGAGGG,TTCGGG,TTGGGG,TTTGGG,TTAAGG,TTACGG,TTATGG,TTAGAG,TTAGCG,TTAGTG,TTAGGA,TTAGGC,TTAGGT,TL_TN,TMM
ICGC_0425,0.94846,0.00019,0.00430,0.00422,0.00216,0.00544,0.01762,0.00535,0.00338,0.00068,0.00289,0.00028,0.00118,0.00153,0.00000,0.00049,0.00060,0.00033,0.00089,-0.89,ALT -ve
ICGC_0431,0.94951,0.00011,0.00241,0.00491,0.00223,0.00317,0.01351,0.00818,0.00702,0.00090,0.00238,0.00024,0.00125,0.00080,0.00024,0.00035,0.00155,0.00030,0.00093,-0.39,ALT -ve
ICGC_0432,0.99236,0.00000,0.00046,0.00070,0.00000,0.00070,0.00316,0.00118,0.00042,0.00000,0.00026,0.00006,0.00015,0.00017,0.00000,0.00005,0.00011,0.00021,0.00000,1.73,ALT +ve
ICGC_0433,0.94889,0.00043,0.00439,0.00478,0.00355,0.00316,0.01151,0.00625,0.00313,0.00079,0.00354,0.00041,0.00253,0.00195,0.00032,0.00043,0.00161,0.00047,0.00185,-1.66,ALT -ve
ICGC_0434,0.94202,0.00017,0.00252,0.00509,0.00396,0.00548,0.01877,0.00856,0.00440,0.00097,0.00266,0.00053,0.00110,0.00125,0.00000,0.00043,0.00069,0.00029,0.00110,-1.73,ALT -ve
ICGC_0435,0.99776,0.00000,0.00016,0.00029,0.00000,0.00006,0.00052,0.00035,0.00028,0.00000,0.00000,0.00004,0.00011,0.00007,0.00000,0.00009,0.00011,0.00009,0.00006,2.46,ALT +ve
ICGC_0436,0.96368,0.00011,0.00078,0.00131,0.00015,0.00306,0.01525,0.01165,0.00126,0.00000,0.00072,0.00014,0.00099,0.00022,0.00000,0.00019,0.00026,0.00009,0.00014,0.21,ALT -ve
ICGC_0437,0.96918,0.00001,0.00367,0.00102,0.00000,0.00247,0.00901,0.01119,0.00124,0.00000,0.00042,0.00015,0.00018,0.00071,0.00000,0.00021,0.00032,0.00014,0.00007,0.86,ALT +ve
ICGC_0438,0.95629,0.00010,0.00076,0.00156,0.00014,0.00116,0.01705,0.01901,0.00114,0.00000,0.00068,0.00024,0.00036,0.00033,0.00000,0.00016,0.00069,0.00020,0.00014,0.73,ALT +ve
ICGC_0439,0.98843,0.00001,0.00112,0.00179,0.00000,0.00073,0.00285,0.00280,0.00094,0.00000,0.00039,0.00009,0.00011,0.00045,0.00000,0.00002,0.00014,0.00010,0.00003,0.56,ALT -ve
ICGC_0440,0.97041,0.00002,0.00209,0.00324,0.00200,0.00391,0.00640,0.00353,0.00257,0.00041,0.00215,0.00014,0.00066,0.00089,0.00000,0.00017,0.00086,0.00016,0.00041,0.01,ALT -ve
ICGC_0441,0.93687,0.00034,0.00444,0.00651,0.00463,0.00655,0.01347,0.00836,0.00550,0.00133,0.00462,0.00038,0.00136,0.00191,0.00046,0.00034,0.00160,0.00033,0.00099,-0.79,ALT -ve
ICGC_0443,0.97500,0.00015,0.00149,0.00264,0.00078,0.00238,0.00917,0.00184,0.00206,0.00038,0.00118,0.00019,0.00086,0.00060,0.00000,0.00029,0.00045,0.00024,0.00031,-0.83,ALT -ve
ICGC_0446,0.97110,0.00001,0.00223,0.00303,0.00166,0.00293,0.00729,0.00382,0.00253,0.00026,0.00179,0.00026,0.00036,0.00148,0.00000,0.00017,0.00059,0.00019,0.00029,-0.02,ALT -ve
ICGC_0447,0.97131,0.00020,0.00209,0.00333,0.00130,0.00255,0.00642,0.00500,0.00235,0.00036,0.00189,0.00019,0.00072,0.00062,0.00000,0.00022,0.00076,0.00018,0.00049,-0.47,ALT -ve
ICGC_0449,0.97532,0.00003,0.00174,0.00229,0.00105,0.00289,0.00565,0.00249,0.00279,0.00035,0.00150,0.00022,0.00059,0.00064,0.00012,0.00013,0.00123,0.00030,0.00068,-0.08,ALT -ve
ICGC_0452,0.96776,0.00006,0.00127,0.00125,0.00081,0.00137,0.02039,0.00277,0.00131,0.00009,0.00080,0.00020,0.00035,0.00026,0.00000,0.00014,0.00056,0.00019,0.00041,0.73,ALT +ve
ICGC_0453,0.96005,0.00009,0.00232,0.00350,0.00154,0.00312,0.00790,0.00977,0.00535,0.00088,0.00192,0.00043,0.00095,0.00062,0.00000,0.00021,0.00053,0.00043,0.00039,-0.27,ALT +ve
ICGC_0455,0.94397,0.00010,0.00370,0.00451,0.00197,0.00540,0.01556,0.00411,0.00877,0.00152,0.00342,0.00069,0.00185,0.00110,0.00000,0.00054,0.00113,0.00061,0.00107,-1.35,ALT -ve
ICGC_0456,0.89718,0.00109,0.00563,0.00939,0.00637,0.00896,0.02686,0.00942,0.01596,0.00285,0.00505,0.00081,0.00153,0.00196,0.00127,0.00058,0.00256,0.00087,0.00165,-2.02,ALT -ve
ICGC_0457,0.94835,0.00015,0.00283,0.00643,0.00339,0.00387,0.01441,0.00465,0.00679,0.00091,0.00320,0.00036,0.00104,0.00088,0.00010,0.00039,0.00091,0.00049,0.00086,-1.1,ALT -ve
ICGC_0459,0.96598,0.00004,0.00234,0.00434,0.00204,0.00367,0.00974,0.00348,0.00392,0.00060,0.00188,0.00009,0.00059,0.00046,0.00000,0.00015,0.00024,0.00023,0.00021,0.1,ALT -ve
ICGC_0489,0.96667,0.00002,0.00077,0.00285,0.00085,0.00193,0.00527,0.01647,0.00249,0.00001,0.00110,0.00019,0.00021,0.00059,0.00000,0.00013,0.00013,0.00021,0.00011,0.6,ALT +ve
ICGC_0491,0.96854,0.00005,0.00220,0.00439,0.00190,0.00369,0.00652,0.00307,0.00356,0.00080,0.00165,0.00016,0.00071,0.00059,0.00000,0.00024,0.00098,0.00025,0.00068,-0.04,ALT -ve
ICGC_0492,0.94913,0.00021,0.00492,0.00645,0.00226,0.00536,0.01428,0.00399,0.00539,0.00108,0.00237,0.00021,0.00090,0.00148,0.00006,0.00029,0.00083,0.00025,0.00053,-1.15,ALT -ve
ICGC_0497,0.96734,0.00001,0.00085,0.00257,0.00046,0.00121,0.01233,0.01102,0.00203,0.00000,0.00065,0.00018,0.00031,0.00018,0.00000,0.00012,0.00045,0.00015,0.00014,0.65,ALT +ve
ICGC_0500,0.95903,0.00015,0.00392,0.00526,0.00207,0.00302,0.00913,0.00586,0.00504,0.00046,0.00202,0.00025,0.00091,0.00085,0.00000,0.00022,0.00061,0.00025,0.00093,-0.14,ALT -ve
ICGC_0501,0.98198,0.00030,0.00080,0.00469,0.00029,0.00119,0.00331,0.00178,0.00176,0.00004,0.00046,0.00027,0.00084,0.00028,0.00000,0.00055,0.00059,0.00028,0.00058,0.89,ALT +ve
ITNET_0020,0.93893,0.00007,0.00132,0.00201,0.00117,0.00235,0.00400,0.04465,0.00142,0.00000,0.00113,0.00020,0.00079,0.00032,0.00000,0.00027,0.00074,0.00021,0.00043,0.38,ALT -ve
ITNET_0087,0.94419,0.00017,0.00243,0.00409,0.00430,0.00467,0.01408,0.00843,0.00402,0.00168,0.00396,0.00057,0.00140,0.00150,0.00007,0.00048,0.00176,0.00042,0.00179,-0.99,ALT -ve
ITNET_0100,0.97121,0.00006,0.00174,0.00240,0.00151,0.00374,0.00425,0.00441,0.00229,0.00121,0.00224,0.00020,0.00192,0.00061,0.00000,0.00053,0.00080,0.00027,0.00060,-0.63,ALT -ve
ITNET_0118,0.97620,0.00014,0.00138,0.00233,0.00119,0.00258,0.00498,0.00227,0.00226,0.00044,0.00132,0.00024,0.00087,0.00051,0.00000,0.00035,0.00154,0.00032,0.00108,-0.87,ALT -ve
ITNET_0124,0.98762,0.00000,0.00063,0.00084,0.00000,0.00068,0.00215,0.00549,0.00083,0.00000,0.00038,0.00012,0.00033,0.00032,0.00000,0.00011,0.00032,0.00014,0.00004,0.94,ALT +ve
ITNET_0128,0.93164,0.00028,0.00378,0.00517,0.00544,0.00599,0.01109,0.00969,0.00582,0.00195,0.00418,0.00061,0.00320,0.00151,0.00059,0.00094,0.00387,0.00104,0.00318,-2.69,ALT -ve
ITNET_0144,0.98902,0.00005,0.00039,0.00222,0.00000,0.00078,0.00285,0.00213,0.00077,0.00000,0.00042,0.00017,0.00040,0.00025,0.00000,0.00005,0.00022,0.00021,0.00006,1.02,ALT +ve
ITNET_0148,0.97977,0.00000,0.00043,0.00123,0.00000,0.00034,0.00166,0.01438,0.00042,0.00000,0.00020,0.00015,0.00030,0.00008,0.00000,0.00032,0.00028,0.00012,0.00031,1.12,ALT +ve
ITNET_0151,0.97152,0.00012,0.00238,0.00318,0.00180,0.00274,0.00785,0.00257,0.00255,0.00048,0.00142,0.00011,0.00123,0.00054,0.00000,0.00026,0.00072,0.00027,0.00028,-0.14,ALT -ve
ITNET_0152,0.94312,0.00031,0.00319,0.00604,0.00511,0.00431,0.01087,0.00514,0.00488,0.00131,0.00452,0.00037,0.00271,0.00329,0.00014,0.00049,0.00225,0.00039,0.00156,-1.11,ALT -ve
ITNET_0673,0.94158,0.00016,0.00326,0.00611,0.00405,0.00555,0.01894,0.00344,0.00457,0.00125,0.00353,0.00043,0.00194,0.00102,0.00024,0.00018,0.00185,0.00036,0.00155,-1.38,ALT -ve
ITNET_0681,0.96390,0.00008,0.00097,0.00220,0.00104,0.00295,0.00981,0.01040,0.00265,0.00047,0.00148,0.00027,0.00075,0.00062,0.00000,0.00035,0.00124,0.00027,0.00057,-0.16,ALT +ve
ITNET_0695,0.93942,0.00024,0.00288,0.00572,0.00400,0.00703,0.01307,0.00543,0.00577,0.00143,0.00366,0.00073,0.00154,0.00174,0.00071,0.00030,0.00280,0.00104,0.00250,-1.39,ALT -ve
ITNET_0783,0.95275,0.00011,0.00047,0.00207,0.00000,0.00150,0.00601,0.03155,0.00150,0.00007,0.00073,0.00042,0.00073,0.00042,0.00000,0.00046,0.00057,0.00027,0.00036,0.04,ALT +ve
ITNET_0797,0.97203,0.00005,0.00109,0.00196,0.00060,0.00185,0.00372,0.01187,0.00164,0.00009,0.00103,0.00015,0.00114,0.00055,0.00000,0.00029,0.00058,0.00100,0.00036,-0.5,ALT +ve
ITNET_0813,0.96130,0.00008,0.00136,0.00230,0.00048,0.00141,0.00815,0.01612,0.00145,0.00010,0.00105,0.00030,0.00046,0.00027,0.00000,0.00021,0.00042,0.00421,0.00031,0.23,ALT -ve
ITNET_0833,0.95839,0.00027,0.00268,0.00432,0.00304,0.00392,0.00807,0.00428,0.00332,0.00073,0.00213,0.00027,0.00298,0.00067,0.00030,0.00068,0.00220,0.00044,0.00131,-0.69,ALT -ve
ITNET_0850,0.95854,0.00013,0.00342,0.00465,0.00254,0.00348,0.00897,0.00411,0.00350,0.00074,0.00218,0.00027,0.00204,0.00098,0.00014,0.00044,0.00235,0.00045,0.00105,-0.5,ALT -ve
ITNET_0935,0.96484,0.00018,0.00137,0.00276,0.00063,0.00154,0.00474,0.01592,0.00160,0.00051,0.00101,0.00031,0.00143,0.00083,0.00000,0.00063,0.00078,0.00042,0.00049,0,ALT +ve
ITNET_0941,0.97029,0.00010,0.00188,0.00291,0.00217,0.00259,0.00929,0.00232,0.00224,0.00048,0.00210,0.00019,0.00066,0.00085,0.00000,0.00019,0.00078,0.00020,0.00077,-0.32,ALT -ve
ITNET_0962,0.95972,0.00014,0.00201,0.00359,0.00242,0.00412,0.01024,0.00473,0.00366,0.00054,0.00182,0.00026,0.00206,0.00091,0.00031,0.00091,0.00155,0.00037,0.00062,-0.88,ALT -ve
ITNET_0968,0.95346,0.00008,0.00365,0.00513,0.00346,0.00401,0.00952,0.00450,0.00327,0.00113,0.00320,0.00032,0.00256,0.00111,0.00001,0.00030,0.00091,0.00169,0.00171,-1.02,ALT -ve
ITNET_0993,0.96146,0.00010,0.00217,0.00387,0.00239,0.00499,0.00706,0.00551,0.00329,0.00092,0.00245,0.00020,0.00099,0.00125,0.00012,0.00041,0.00121,0.00048,0.00113,-0.89,ALT -ve
ITNET_1001,0.96736,0.00008,0.00118,0.00340,0.00283,0.00357,0.00897,0.00243,0.00287,0.00054,0.00221,0.00012,0.00074,0.00084,0.00022,0.00042,0.00131,0.00028,0.00062,-0.8,ALT -ve
ITNET_1027,0.98976,0.00000,0.00050,0.00110,0.00000,0.00296,0.00243,0.00116,0.00067,0.00000,0.00043,0.00003,0.00031,0.00011,0.00000,0.00006,0.00026,0.00009,0.00013,0.68,ALT +ve
ITNET_1047,0.95483,0.00013,0.00278,0.00321,0.00211,0.00661,0.00897,0.00475,0.00415,0.00108,0.00266,0.00051,0.00282,0.00103,0.00063,0.00069,0.00161,0.00046,0.00096,-0.9,ALT -ve
ITNET_1050,0.97679,0.00006,0.00111,0.00326,0.00164,0.00228,0.00545,0.00211,0.00259,0.00022,0.00162,0.00023,0.00067,0.00051,0.00000,0.00023,0.00076,0.00015,0.00033,-1.37,ALT -ve
ITNET_1053,0.98158,0.00000,0.00065,0.00169,0.00002,0.00081,0.00630,0.00568,0.00122,0.00000,0.00052,0.00012,0.00055,0.00032,0.00000,0.00009,0.00026,0.00011,0.00009,1.03,ALT +ve
ITNET_1081,0.95338,0.00007,0.00269,0.00405,0.00252,0.00595,0.01202,0.00406,0.00633,0.00095,0.00273,0.00032,0.00116,0.00081,0.00013,0.00036,0.00102,0.00048,0.00096,-1,ALT -ve
ITNET_1257,0.95769,0.00009,0.00251,0.00569,0.00088,0.00551,0.00900,0.00790,0.00513,0.00060,0.00135,0.00017,0.00066,0.00064,0.00000,0.00021,0.00101,0.00032,0.00064,-0.72,ALT +ve
ITNET_1265,0.97467,0.00001,0.00049,0.00100,0.00000,0.00387,0.00468,0.01197,0.00162,0.00000,0.00051,0.00023,0.00009,0.00019,0.00000,0.00002,0.00030,0.00028,0.00009,1.48,ALT +ve
ITNET_1266,0.90683,0.00034,0.00631,0.00876,0.00647,0.01088,0.01484,0.00882,0.01274,0.00295,0.00604,0.00069,0.00237,0.00239,0.00122,0.00088,0.00393,0.00082,0.00269,-1.59,ALT -ve
ITNET_1270,0.96503,0.00006,0.00142,0.00322,0.00184,0.00369,0.00696,0.00585,0.00526,0.00053,0.00208,0.00029,0.00081,0.00073,0.00000,0.00008,0.00100,0.00033,0.00083,-0.34,ALT -ve
ITNET_1273,0.95489,0.00010,0.00310,0.00416,0.00238,0.00509,0.01082,0.00663,0.00565,0.00080,0.00244,0.00028,0.00074,0.00083,0.00001,0.00030,0.00072,0.00034,0.00072,-0.57,ALT -ve
ITNET_1286,0.96047,0.00004,0.00421,0.00348,0.00196,0.00464,0.00769,0.00442,0.00587,0.00094,0.00225,0.00023,0.00049,0.00089,0.00000,0.00016,0.00099,0.00032,0.00095,-0.73,ALT -ve
ITNET_1288,0.97747,0.00000,0.00082,0.00203,0.00022,0.00352,0.00340,0.00846,0.00257,0.00000,0.00079,0.00014,0.00016,0.00014,0.00000,0.00001,0.00008,0.00010,0.00008,0.42,ALT +ve
ITNET_1293,0.95581,0.00009,0.00288,0.00366,0.00128,0.00444,0.01283,0.00481,0.00623,0.00092,0.00221,0.00036,0.00077,0.00072,0.00012,0.00031,0.00137,0.00036,0.00081,-0.63,ALT -ve
ITNET_1301,0.99428,0.00000,0.00033,0.00054,0.00000,0.00019,0.00183,0.00114,0.00101,0.00000,0.00031,0.00005,0.00004,0.00005,0.00000,0.00000,0.00012,0.00011,0.00000,1.39,ALT +ve
ITNET_1304,0.96042,0.00005,0.00345,0.00399,0.00194,0.00217,0.01375,0.00345,0.00489,0.00043,0.00201,0.00037,0.00057,0.00092,0.00000,0.00021,0.00058,0.00020,0.00059,-0.52,ALT -ve
ITNET_1308,0.98097,0.00021,0.00107,0.00123,0.00020,0.00099,0.00559,0.00517,0.00215,0.00007,0.00074,0.00009,0.00027,0.00028,0.00000,0.00015,0.00040,0.00021,0.00019,0.8,ALT +ve
ITNET_1309,0.97462,0.00001,0.00170,0.00257,0.00123,0.00252,0.00696,0.00385,0.00323,0.00018,0.00154,0.00009,0.00026,0.00070,0.00000,0.00005,0.00016,0.00016,0.00019,-0.42,ALT -ve
ITNET_1312,0.96122,0.00001,0.00131,0.00349,0.00040,0.00286,0.00415,0.01921,0.00361,0.00039,0.00122,0.00018,0.00057,0.00059,0.00000,0.00011,0.00025,0.00021,0.00021,0.17,ALT +ve
ITNET_1314,0.97771,0.00000,0.01233,0.00089,0.00000,0.00267,0.00238,0.00147,0.00124,0.00000,0.00049,0.00012,0.00011,0.00008,0.00000,0.00000,0.00037,0.00012,0.00002,1.11,ALT +ve
ITNET_1317,0.96208,0.00019,0.00264,0.00431,0.00298,0.00297,0.00595,0.00441,0.00611,0.00072,0.00263,0.00033,0.00072,0.00084,0.00011,0.00016,0.00144,0.00043,0.00100,-0.88,ALT -ve
ITNET_1320,0.98658,0.00002,0.00051,0.00095,0.00000,0.00054,0.00274,0.00519,0.00191,0.00000,0.00049,0.00015,0.00019,0.00012,0.00000,0.00004,0.00030,0.00017,0.00010,0.83,ALT +ve
MELA_0001,0.98090,0.00005,0.00126,0.00267,0.00111,0.00153,0.00486,0.00190,0.00278,0.00042,0.00094,0.00015,0.00026,0.00028,0.00000,0.00004,0.00038,0.00020,0.00027,0.99,ALT -ve
MELA_0002,0.97648,0.00004,0.00114,0.00288,0.00096,0.00266,0.00586,0.00245,0.00355,0.00025,0.00093,0.00024,0.00062,0.00070,0.00000,0.00021,0.00042,0.00031,0.00030,0.16,ALT -ve
MELA_0003,0.93965,0.00011,0.00264,0.00504,0.00392,0.00578,0.01632,0.00732,0.00937,0.00106,0.00347,0.00020,0.00084,0.00109,0.00002,0.00031,0.00150,0.00039,0.00097,-1.14,ALT -ve
MELA_0004,0.98703,0.00000,0.00068,0.00084,0.00000,0.00227,0.00116,0.00550,0.00086,0.00000,0.00018,0.00009,0.00084,0.00013,0.00000,0.00006,0.00011,0.00018,0.00007,1.37,ALT +ve
MELA_0005,0.99324,0.00000,0.00060,0.00119,0.00000,0.00035,0.00178,0.00095,0.00104,0.00010,0.00015,0.00005,0.00009,0.00011,0.00000,0.00005,0.00019,0.00008,0.00003,1.77,ALT +ve
MELA_0006,0.94628,0.00004,0.00381,0.00589,0.00426,0.00460,0.01265,0.00572,0.00754,0.00091,0.00297,0.00042,0.00087,0.00093,0.00007,0.00023,0.00120,0.00036,0.00125,-0.1,ALT -ve
MELA_0007,0.98436,0.00002,0.00123,0.00201,0.00027,0.00137,0.00416,0.00277,0.00228,0.00011,0.00070,0.00009,0.00014,0.00024,0.00000,0.00006,0.00004,0.00011,0.00005,0.92,ALT +ve
MELA_0009,0.98608,0.00001,0.00100,0.00219,0.00000,0.00196,0.00421,0.00101,0.00229,0.00000,0.00028,0.00019,0.00020,0.00016,0.00000,0.00004,0.00025,0.00011,0.00001,2,ALT +ve
MELA_0010,0.97448,0.00002,0.00291,0.00415,0.00103,0.00274,0.00492,0.00236,0.00377,0.00030,0.00091,0.00012,0.00070,0.00037,0.00000,0.00023,0.00057,0.00018,0.00025,0.51,ALT -ve
MELA_0011,0.98176,0.00000,0.00145,0.00304,0.00088,0.00158,0.00446,0.00181,0.00292,0.00023,0.00076,0.00012,0.00013,0.00043,0.00000,0.00005,0.00009,0.00015,0.00013,0.98,ALT +ve
MELA_0012,0.99393,0.00000,0.00017,0.00155,0.00000,0.00030,0.00190,0.00065,0.00073,0.00000,0.00016,0.00008,0.00014,0.00009,0.00000,0.00003,0.00012,0.00013,0.00003,1.29,ALT +ve
MELA_0013,0.96221,0.00011,0.00411,0.00415,0.00233,0.00393,0.00789,0.00356,0.00650,0.00056,0.00174,0.00046,0.00033,0.00087,0.00000,0.00012,0.00065,0.00024,0.00025,0.65,ALT -ve
MELA_0014,0.95778,0.00032,0.00363,0.00449,0.00278,0.00346,0.00916,0.00430,0.00587,0.00119,0.00172,0.00033,0.00071,0.00086,0.00006,0.00050,0.00158,0.00050,0.00076,-0.44,ALT -ve
MELA_0015,0.94488,0.00018,0.00424,0.00630,0.00385,0.00470,0.01320,0.00390,0.00800,0.00136,0.00246,0.00036,0.00176,0.00143,0.00000,0.00060,0.00102,0.00087,0.00090,-0.09,ALT -ve
MELA_0034,0.97245,0.00003,0.00308,0.00391,0.00147,0.00266,0.00533,0.00276,0.00229,0.00035,0.00106,0.00024,0.00074,0.00129,0.00007,0.00039,0.00113,0.00030,0.00043,0.21,ALT -ve
MELA_0035,0.96413,0.00022,0.00288,0.00678,0.00204,0.00336,0.00554,0.00263,0.00259,0.00117,0.00142,0.00022,0.00227,0.00184,0.00000,0.00062,0.00135,0.00049,0.00045,0.2,ALT -ve
MELA_0037,0.97431,0.00001,0.00261,0.00600,0.00067,0.00161,0.00495,0.00184,0.00185,0.00015,0.00107,0.00024,0.00095,0.00151,0.00000,0.00019,0.00131,0.00034,0.00038,0.94,ALT -ve
MELA_0039,0.97298,0.00004,0.00262,0.00413,0.00164,0.00174,0.00689,0.00205,0.00206,0.00062,0.00132,0.00010,0.00051,0.00157,0.00000,0.00030,0.00088,0.00019,0.00035,1.05,ALT -ve
MELA_0040,0.97438,0.00004,0.00268,0.00511,0.00149,0.00171,0.00598,0.00144,0.00199,0.00021,0.00131,0.00019,0.00058,0.00147,0.00000,0.00021,0.00089,0.00014,0.00018,0.33,ALT -ve
MELA_0041,0.96194,0.00011,0.00395,0.00690,0.00247,0.00306,0.00699,0.00263,0.00304,0.00054,0.00199,0.00028,0.00090,0.00190,0.00001,0.00035,0.00166,0.00052,0.00073,-0.69,ALT -ve
MELA_0043,0.97167,0.00009,0.00201,0.00362,0.00167,0.00274,0.00600,0.00270,0.00424,0.00040,0.00151,0.00018,0.00096,0.00045,0.00000,0.00021,0.00071,0.00029,0.00054,0.21,ALT -ve
MELA_0044,0.95697,0.00012,0.00328,0.00601,0.00255,0.00380,0.00737,0.00526,0.00816,0.00051,0.00167,0.00034,0.00061,0.00119,0.00000,0.00024,0.00095,0.00033,0.00062,0.12,ALT -ve
MELA_0046,0.94917,0.00014,0.00342,0.00599,0.00334,0.00433,0.01086,0.00475,0.00954,0.00094,0.00240,0.00041,0.00062,0.00125,0.00000,0.00021,0.00057,0.00109,0.00097,-0.3,ALT -ve
MELA_0047,0.96320,0.00011,0.00240,0.00369,0.00246,0.00271,0.00813,0.00363,0.00481,0.00112,0.00234,0.00035,0.00091,0.00114,0.00019,0.00029,0.00133,0.00043,0.00075,0.25,ALT -ve
MELA_0048,0.97789,0.00010,0.00158,0.00248,0.00105,0.00227,0.00623,0.00144,0.00231,0.00042,0.00089,0.00025,0.00112,0.00073,0.00000,0.00019,0.00049,0.00032,0.00022,0.04,ALT -ve
MELA_0049,0.98324,0.00002,0.00154,0.00170,0.00042,0.00126,0.00425,0.00193,0.00189,0.00028,0.00070,0.00025,0.00049,0.00066,0.00000,0.00014,0.00071,0.00028,0.00025,1.05,ALT -ve
MELA_0050,0.96391,0.00007,0.00290,0.00365,0.00341,0.00390,0.00679,0.00292,0.00448,0.00095,0.00190,0.00038,0.00111,0.00113,0.00008,0.00037,0.00102,0.00044,0.00058,0.13,ALT -ve
MELA_0051,0.97745,0.00006,0.00143,0.00336,0.00116,0.00135,0.00562,0.00160,0.00192,0.00057,0.00101,0.00012,0.00058,0.00142,0.00000,0.00035,0.00144,0.00021,0.00035,1,ALT -ve
MELA_0052,0.97789,0.00005,0.00205,0.00384,0.00096,0.00166,0.00441,0.00163,0.00182,0.00069,0.00109,0.00019,0.00096,0.00122,0.00000,0.00012,0.00108,0.00023,0.00010,1.15,ALT -ve
MELA_0053,0.97305,0.00006,0.00259,0.00492,0.00169,0.00252,0.00429,0.00203,0.00268,0.00059,0.00144,0.00022,0.00041,0.00161,0.00000,0.00018,0.00101,0.00023,0.00048,1.05,ALT -ve
MELA_0054,0.98742,0.00003,0.00077,0.00169,0.00002,0.00091,0.00304,0.00211,0.00206,0.00000,0.00043,0.00011,0.00053,0.00047,0.00000,0.00004,0.00019,0.00014,0.00007,1.24,ALT +ve
MELA_0055,0.96716,0.00024,0.00225,0.00416,0.00237,0.00281,0.00924,0.00419,0.00369,0.00033,0.00184,0.00022,0.00030,0.00031,0.00000,0.00015,0.00018,0.00027,0.00029,0.04,ALT -ve
MELA_0056,0.96567,0.00011,0.00167,0.00432,0.00139,0.00248,0.00904,0.00369,0.00483,0.00072,0.00160,0.00024,0.00087,0.00084,0.00009,0.00016,0.00122,0.00033,0.00074,0.53,ALT -ve
MELA_0057,0.95034,0.00031,0.00462,0.00490,0.00374,0.00480,0.01080,0.00547,0.00744,0.00099,0.00250,0.00044,0.00113,0.00097,0.00000,0.00020,0.00041,0.00039,0.00054,-0.55,ALT -ve
MELA_0058,0.96451,0.00013,0.00238,0.00488,0.00199,0.00312,0.00756,0.00499,0.00563,0.00083,0.00185,0.00032,0.00033,0.00078,0.00000,0.00005,0.00025,0.00022,0.00018,0.53,ALT -ve
MELA_0059,0.98738,0.00009,0.00138,0.00113,0.00000,0.00371,0.00186,0.00080,0.00163,0.00000,0.00028,0.00015,0.00049,0.00023,0.00000,0.00021,0.00037,0.00021,0.00009,1.71,ALT +ve
MELA_0060,0.95491,0.00050,0.00355,0.00512,0.00254,0.00452,0.01255,0.00312,0.00681,0.00082,0.00191,0.00037,0.00064,0.00131,0.00000,0.00017,0.00038,0.00020,0.00059,-0.03,ALT -ve
MELA_0061,0.95130,0.00026,0.00308,0.00641,0.00327,0.00491,0.01041,0.00400,0.00766,0.00093,0.00189,0.00023,0.00143,0.00138,0.00000,0.00048,0.00076,0.00044,0.00114,-0.01,ALT -ve
MELA_0063,0.94829,0.00036,0.00401,0.00625,0.00423,0.00497,0.00920,0.00547,0.00830,0.00089,0.00295,0.00046,0.00110,0.00156,0.00000,0.00006,0.00096,0.00039,0.00056,-0.27,ALT -ve
MELA_0064,0.96947,0.00010,0.00239,0.00454,0.00166,0.00271,0.00533,0.00374,0.00498,0.00047,0.00171,0.00026,0.00059,0.00072,0.00002,0.00017,0.00056,0.00026,0.00033,0.07,ALT -ve
MELA_0065,0.95789,0.00022,0.00307,0.00507,0.00321,0.00354,0.00980,0.00307,0.00602,0.00084,0.00240,0.00033,0.00052,0.00124,0.00005,0.00013,0.00128,0.00037,0.00094,-0.35,ALT -ve
MELA_0066,0.95525,0.00029,0.00304,0.00691,0.00264,0.00431,0.00801,0.00537,0.00652,0.00070,0.00218,0.00032,0.00092,0.00158,0.00000,0.00030,0.00078,0.00029,0.00058,-0.16,ALT -ve
MELA_0067,0.98621,0.00002,0.00029,0.00184,0.00000,0.00817,0.00130,0.00079,0.00065,0.00000,0.00013,0.00007,0.00010,0.00008,0.00000,0.00007,0.00016,0.00009,0.00003,2,ALT +ve
MELA_0068,0.96431,0.00010,0.00302,0.00511,0.00254,0.00256,0.00944,0.00382,0.00448,0.00060,0.00190,0.00023,0.00028,0.00066,0.00000,0.00006,0.00036,0.00023,0.00030,0.17,ALT -ve
MELA_0069,0.97444,0.00004,0.00101,0.00301,0.00227,0.00180,0.00541,0.00322,0.00418,0.00119,0.00146,0.00023,0.00045,0.00059,0.00000,0.00002,0.00021,0.00021,0.00025,-0.1,ALT -ve
MELA_0070,0.95935,0.00004,0.00273,0.00533,0.00209,0.00416,0.01085,0.00435,0.00446,0.00112,0.00176,0.00026,0.00063,0.00105,0.00000,0.00029,0.00045,0.00041,0.00067,-1.06,ALT -ve
MELA_0071,0.94769,0.00010,0.00345,0.00522,0.00352,0.00527,0.01434,0.00462,0.00753,0.00107,0.00275,0.00049,0.00081,0.00112,0.00000,0.00014,0.00077,0.00042,0.00067,-1.12,ALT -ve
MELA_0075,0.92664,0.00019,0.00565,0.00903,0.00453,0.00623,0.01045,0.01057,0.01155,0.00129,0.00326,0.00071,0.00177,0.00202,0.00037,0.00055,0.00229,0.00074,0.00217,-0.99,ALT -ve
MELA_0076,0.95645,0.00006,0.00326,0.00479,0.00249,0.00635,0.00789,0.00417,0.00674,0.00077,0.00216,0.00030,0.00100,0.00084,0.00005,0.00027,0.00110,0.00061,0.00072,-0.68,ALT -ve
MELA_0078,0.98403,0.00004,0.00120,0.00226,0.00050,0.00164,0.00305,0.00197,0.00279,0.00059,0.00056,0.00014,0.00025,0.00042,0.00000,0.00007,0.00028,0.00013,0.00008,0.34,ALT -ve
MELA_0083,0.98028,0.00004,0.00090,0.00210,0.00097,0.00188,0.00431,0.00177,0.00261,0.00030,0.00101,0.00022,0.00076,0.00072,0.00007,0.00015,0.00100,0.00034,0.00056,0.13,ALT -ve
MELA_0098,0.99066,0.00000,0.00149,0.00339,0.00000,0.00019,0.00086,0.00047,0.00025,0.00018,0.00013,0.00008,0.00017,0.00099,0.00000,0.00019,0.00084,0.00011,0.00000,2.92,ALT -ve
MELA_0163,0.94146,0.00032,0.00277,0.00457,0.00357,0.00589,0.01422,0.00536,0.00587,0.00130,0.00250,0.00041,0.00274,0.00195,0.00056,0.00066,0.00309,0.00071,0.00205,-1.01,ALT -ve
MELA_0166,0.94300,0.00033,0.00448,0.00651,0.00338,0.00462,0.01052,0.00678,0.00628,0.00110,0.00263,0.00061,0.00120,0.00191,0.00053,0.00056,0.00328,0.00046,0.00182,-1.01,ALT +ve
MELA_0170,0.96985,0.00007,0.00177,0.00328,0.00241,0.00330,0.00676,0.00384,0.00310,0.00056,0.00176,0.00033,0.00060,0.00101,0.00000,0.00019,0.00049,0.00031,0.00039,-0.1,ALT -ve
MELA_0171,0.96923,0.00018,0.00200,0.00321,0.00189,0.00341,0.00656,0.00209,0.00353,0.00059,0.00141,0.00036,0.00111,0.00105,0.00009,0.00027,0.00140,0.00081,0.00081,-0.59,ALT -ve
MELA_0172,0.97086,0.00015,0.00169,0.00326,0.00132,0.00245,0.00759,0.00322,0.00328,0.00034,0.00128,0.00024,0.00065,0.00104,0.00004,0.00019,0.00110,0.00035,0.00095,0.16,ALT -ve
MELA_0173,0.97088,0.00015,0.00202,0.00317,0.00171,0.00225,0.00646,0.00385,0.00341,0.00076,0.00123,0.00023,0.00103,0.00102,0.00000,0.00030,0.00081,0.00032,0.00040,-0.16,ALT -ve
MELA_0174,0.98639,0.00008,0.00104,0.00172,0.00027,0.00097,0.00367,0.00153,0.00125,0.00055,0.00052,0.00020,0.00064,0.00040,0.00000,0.00007,0.00043,0.00024,0.00002,0.97,ALT -ve
MELA_0175,0.97114,0.00011,0.00179,0.00328,0.00140,0.00163,0.00955,0.00227,0.00285,0.00023,0.00124,0.00041,0.00069,0.00086,0.00004,0.00028,0.00132,0.00048,0.00042,0.24,ALT -ve
MELA_0176,0.96451,0.00042,0.00207,0.00315,0.00252,0.00285,0.00711,0.00192,0.00411,0.00080,0.00188,0.00034,0.00163,0.00114,0.00032,0.00043,0.00299,0.00035,0.00148,-0.17,ALT -ve
MELA_0177,0.98199,0.00006,0.00116,0.00211,0.00060,0.00114,0.00504,0.00185,0.00231,0.00040,0.00058,0.00020,0.00040,0.00070,0.00000,0.00019,0.00069,0.00032,0.00027,0.77,ALT -ve
MELA_0180,0.98020,0.00000,0.00128,0.00239,0.00067,0.00172,0.00595,0.00243,0.00229,0.00027,0.00079,0.00014,0.00047,0.00047,0.00000,0.00005,0.00045,0.00019,0.00025,0.29,ALT -ve
MELA_0183,0.99191,0.00000,0.00054,0.00097,0.00000,0.00053,0.00257,0.00072,0.00085,0.00041,0.00029,0.00012,0.00009,0.00037,0.00000,0.00006,0.00044,0.00014,0.00000,2.22,ALT -ve
MELA_0184,0.96287,0.00012,0.00363,0.00344,0.00246,0.00471,0.00930,0.00262,0.00392,0.00064,0.00185,0.00033,0.00044,0.00147,0.00007,0.00024,0.00080,0.00040,0.00070,-0.39,ALT -ve
MELA_0185,0.93014,0.00029,0.00427,0.00718,0.00628,0.00692,0.01592,0.00613,0.00956,0.00113,0.00426,0.00040,0.00179,0.00159,0.00015,0.00014,0.00163,0.00100,0.00122,-1.64,ALT -ve
MELA_0187,0.98596,0.00004,0.00068,0.00181,0.00048,0.00113,0.00405,0.00121,0.00163,0.00021,0.00072,0.00015,0.00050,0.00062,0.00000,0.00006,0.00041,0.00023,0.00011,0.96,ALT -ve
MELA_0190,0.98345,0.00008,0.00087,0.00217,0.00092,0.00145,0.00444,0.00135,0.00185,0.00054,0.00091,0.00018,0.00021,0.00071,0.00000,0.00008,0.00042,0.00025,0.00011,0.24,ALT -ve
MELA_0192,0.94777,0.00023,0.00327,0.00500,0.00239,0.00644,0.01352,0.00428,0.00545,0.00149,0.00202,0.00039,0.00157,0.00145,0.00032,0.00023,0.00207,0.00056,0.00156,0.1,ALT -ve
MELA_0193,0.98741,0.00004,0.00130,0.00201,0.00022,0.00155,0.00268,0.00084,0.00115,0.00019,0.00065,0.00023,0.00052,0.00054,0.00000,0.00008,0.00029,0.00021,0.00008,0.71,ALT -ve
MELA_0195,0.96331,0.00025,0.00264,0.00430,0.00134,0.00291,0.01187,0.00297,0.00335,0.00046,0.00154,0.00023,0.00129,0.00131,0.00000,0.00043,0.00081,0.00040,0.00059,-0.33,ALT -ve
MELA_0196,0.96797,0.00026,0.00295,0.00351,0.00161,0.00374,0.00817,0.00272,0.00324,0.00049,0.00163,0.00024,0.00083,0.00097,0.00000,0.00017,0.00077,0.00020,0.00054,-0.16,ALT -ve
MELA_0197,0.97993,0.00006,0.00146,0.00313,0.00119,0.00185,0.00430,0.00171,0.00207,0.00043,0.00111,0.00017,0.00077,0.00048,0.00004,0.00010,0.00072,0.00019,0.00029,-0.14,ALT -ve
MELA_0199,0.96248,0.00003,0.00456,0.00448,0.00232,0.00454,0.00752,0.00442,0.00343,0.00031,0.00209,0.00026,0.00084,0.00074,0.00004,0.00008,0.00098,0.00038,0.00050,0.73,ALT -ve
MELA_0201,0.94932,0.00021,0.00282,0.00407,0.00253,0.00472,0.01506,0.00453,0.00550,0.00061,0.00216,0.00044,0.00181,0.00135,0.00028,0.00020,0.00256,0.00041,0.00144,-0.66,ALT -ve
MELA_0202,0.99043,0.00001,0.00095,0.00193,0.00000,0.00056,0.00180,0.00082,0.00071,0.00008,0.00023,0.00020,0.00029,0.00081,0.00000,0.00007,0.00085,0.00024,0.00003,1.87,ALT -ve
MELA_0203,0.95861,0.00014,0.00382,0.00536,0.00339,0.00378,0.00856,0.00298,0.00388,0.00043,0.00183,0.00035,0.00159,0.00149,0.00025,0.00019,0.00193,0.00057,0.00084,-0.31,ALT -ve
MELA_0205,0.97384,0.00008,0.00275,0.00425,0.00186,0.00277,0.00548,0.00156,0.00185,0.00012,0.00113,0.00034,0.00110,0.00095,0.00000,0.00036,0.00081,0.00036,0.00037,0,ALT -ve
MELA_0215,0.96525,0.00026,0.00204,0.00230,0.00209,0.00417,0.00934,0.00197,0.00397,0.00168,0.00193,0.00026,0.00070,0.00093,0.00003,0.00034,0.00158,0.00050,0.00066,-1.04,ALT -ve
MELA_0217,0.96150,0.00067,0.00273,0.00307,0.00252,0.00355,0.01061,0.00275,0.00444,0.00078,0.00157,0.00020,0.00092,0.00108,0.00021,0.00022,0.00219,0.00033,0.00067,-0.13,ALT -ve
MELA_0226,0.98666,0.00002,0.00073,0.00163,0.00000,0.00076,0.00334,0.00415,0.00075,0.00000,0.00023,0.00010,0.00014,0.00053,0.00000,0.00009,0.00065,0.00013,0.00007,0.81,ALT +ve
NE_0010,0.97625,0.00017,0.00115,0.00255,0.00109,0.00203,0.00673,0.00341,0.00375,0.00010,0.00117,0.00015,0.00029,0.00037,0.00000,0.00005,0.00022,0.00025,0.00027,0.28,ALT +ve
NE_0012,0.99054,0.00000,0.00038,0.00095,0.00000,0.00053,0.00365,0.00126,0.00137,0.00000,0.00042,0.00010,0.00015,0.00017,0.00000,0.00005,0.00026,0.00010,0.00008,1.55,ALT +ve
NE_0017,0.94671,0.00002,0.01206,0.00481,0.00261,0.00462,0.00811,0.00407,0.00596,0.00086,0.00345,0.00035,0.00100,0.00216,0.00001,0.00073,0.00099,0.00038,0.00110,-0.54,ALT -ve
NE_0018,0.98076,0.00001,0.00132,0.00187,0.00024,0.00143,0.00702,0.00241,0.00269,0.00025,0.00074,0.00011,0.00022,0.00034,0.00000,0.00007,0.00021,0.00018,0.00011,0.34,ALT +ve
NE_0020,0.92045,0.00014,0.00493,0.00741,0.00453,0.00897,0.01925,0.00928,0.01274,0.00195,0.00429,0.00061,0.00146,0.00152,0.00000,0.00025,0.00066,0.00046,0.00109,-1.36,ALT -ve
NE_0021,0.97188,0.00007,0.00078,0.00129,0.00045,0.00132,0.01706,0.00264,0.00230,0.00000,0.00073,0.00016,0.00022,0.00018,0.00000,0.00008,0.00048,0.00022,0.00014,0.45,ALT +ve
NE_0025,0.97141,0.00000,0.00177,0.00309,0.00164,0.00251,0.00706,0.00293,0.00471,0.00029,0.00190,0.00028,0.00048,0.00049,0.00000,0.00008,0.00083,0.00015,0.00039,-0.12,ALT -ve
NE_0026,0.99119,0.00001,0.00025,0.00090,0.00000,0.00107,0.00243,0.00126,0.00180,0.00000,0.00026,0.00010,0.00008,0.00024,0.00000,0.00002,0.00018,0.00020,0.00001,1.99,ALT +ve
NE_0027,0.96797,0.00004,0.00157,0.00298,0.00114,0.00258,0.00971,0.00456,0.00450,0.00031,0.00189,0.00022,0.00052,0.00046,0.00000,0.00010,0.00061,0.00019,0.00064,-0.43,ALT -ve
NE_0028,0.96423,0.00005,0.00151,0.00364,0.00196,0.00376,0.01000,0.00420,0.00497,0.00059,0.00221,0.00028,0.00045,0.00066,0.00000,0.00017,0.00036,0.00052,0.00043,-0.38,ALT -ve
NE_0032,0.96954,0.00021,0.00190,0.00360,0.00112,0.00298,0.00627,0.00405,0.00500,0.00061,0.00180,0.00018,0.00055,0.00044,0.00005,0.00015,0.00074,0.00015,0.00065,0.03,ALT -ve
NE_0033,0.98696,0.00003,0.00028,0.00120,0.00000,0.00105,0.00509,0.00198,0.00203,0.00000,0.00048,0.00013,0.00026,0.00021,0.00000,0.00000,0.00010,0.00015,0.00005,0.43,ALT +ve
NE_0038,0.94151,0.00040,0.00421,0.00561,0.00415,0.00599,0.01533,0.00510,0.00807,0.00094,0.00307,0.00049,0.00102,0.00149,0.00000,0.00030,0.00101,0.00034,0.00099,-0.54,ALT -ve
